50
 0  7    0 23    0 34   
 1 14    1 22    1 22    1 23   1 45
 2 19    2 23    2 25    2 33 
 3  4    3 17    3 23    3 27    3 36    3 42
 4 17    4 17    4 23    4 27    4 27
 5 23    5 43
 6 13    6 13    6 23    6 28
 7 23    7 41
 8 19    8 23    8 48
 9 11    9 23    9 30    9 46
10  0   10  7   10 23    10 28   10 28   10 28   10 29   10 29   10 41
11 21   11 23   11 30
12  9   12 11   12 21   12 21   12 23   12 26   12 26
13 22   13 23   13 47
14  8   14 23   14 48
15 23   15 34   15 49
16  9   16 23
17 20   17 23   17 24   17 38
18  6   18 23   18 28   18 32   18 42
19 15   19 23   19 40
20  3   20 23   20 35   20 36   20 46
21  1   21 14   21 22   21 23
22  6   22 23
23 11   23 21   23 22   23 23
24  4   24  5   24 23   24 38
25 23   25 34
26  9   26 23   26 26   26 48
27  5   27 23   27 24   27 31
28 22   28 23   28 39   28 44
29 49   29 22   29 23 
30 23   30 37
31 18   31 23   31 32
32  5   32  6   32 13   32 23   32 27   32 37   32 47
33  8   33 19   32 23
34  2   34 19   34 23   34 40
35  9   35 23   35 46
36 23   36 42
37  5   37 9    37 23   37 35   37 35   37 47
38 23   38 35   38 37
39 18   39 23   39 42
40 15   40 23
41 23   41 28   41 44
42 23   42 31
43 23   43 24   43 37   43 38
44  7   44 23   44 39
45  8   45 14   45 14   45 15   45 23   45 49
46 16   46 23   
47 23   47 30
48 12   48 21   48 23   48 33   48 33
49  1   49 34   49 22   49 23

